SVDPseudoInverse#Starting Time=Wed Nov 21 19:34:23 IST 2018
4SVDPseudoInverse#Original Matrix A
1.0 0.0 0.0 0.0 
0.0 6.0 0.0 8.0 
9.0 0.0 11.0 12.0 
13.0 14.0 15.0 16.0 

SVDPseudoInverse#Apply SVD PseudoInverse On Original Matrix A
SVDPseudoInverse#Calculating U S V^T Using Matrix A
SVDPseudoInverse#Calculating U
0.0130661292201581 -0.03596917465437611 0.0662674292561161 -0.9970677622717882 
0.2090810300119239 0.6278765721644843 -0.746473493940289 -0.06952305992048935 
0.5006577493829734 -0.7263718445511462 -0.4708753579147582 0.0014692633495545552 
0.8399144106033255 0.2772384750445474 0.4654700290813704 0.031941553544418286 

SVDPseudoInverse#Calculating S
34.37322338395404 0.0 0.0 0.0 
0.0 9.085642211503208 0.0 0.0 
0.0 0.0 5.325630800137665 0.0 
0.0 0.0 0.0 0.7551664597763085 

SVDPseudoInverse#Calculating V
0.4491249784481018 -0.32680305155273376 0.3529158622923179 -0.7529521321918707 
0.3785879428052973 0.8418335111112768 0.3826287476489695 0.03978379827385282 
0.5267458102493443 -0.42171076905751015 0.33844281866321374 0.65586228519483 
0.6144076616394095 0.0817076026254896 -0.7839018395885744 -0.036400534084511015 

SVDPseudoInverse#Calculating V^T
0.4491249784481018 0.3785879428052973 0.5267458102493443 0.6144076616394095 
-0.32680305155273376 0.8418335111112768 -0.42171076905751015 0.0817076026254896 
0.3529158622923179 0.3826287476489695 0.33844281866321374 -0.7839018395885744 
-0.7529521321918707 0.03978379827385282 0.65586228519483 -0.036400534084511015 

SVDPseudoInverse#U S V^T
0.9999999999999966 -6.410470445071213E-16 1.70803542250024E-17 1.195624795750168E-16 
-0.05095541401273876 0.0031847133757962314 -0.09554140127388526 0.07006369426751585 
-0.8598726114649657 -0.13375796178343885 0.01273885350318471 0.05732484076433107 
0.03821656050955431 0.12261146496815271 0.07165605095541394 -0.05254777070063688 

SVDPseudoInverse#Singular Values
34.37322338395404 9.085642211503208 5.325630800137665 0.7551664597763085 

SVDPseudoInverse#Calculating Inverse Using PseusoInverse Technique
1.0000000000000002 -1.942890293094024E-15 -2.55351295663786E-15 -1.6653345369377348E-15 
-0.05095541401273876 0.003184713375796247 -0.09554140127388513 0.07006369426751627 
-0.8598726114649679 -0.13375796178343768 0.012738853503186598 0.057324840764334195 
0.03821656050955371 0.12261146496815276 0.071656050955414 -0.052547770700636987 

SVDPseudoInverse#End Time=Wed Nov 21 19:34:23 IST 2018
SVDPseudoInverse#Total Time To Calculate Inverse Using Pseuso Inverse=63 miliseconds
Used memory is bytes: 1369944
