SVDPseudoInverseWithLinearSolver#Starting Time=Wed Nov 21 19:34:52 IST 2018
SVDPseudoInverseWithLinearSolver#Original Matrix A
1.0 0.0 0.0 0.0 
0.0 6.0 0.0 8.0 
9.0 0.0 11.0 12.0 
13.0 14.0 15.0 16.0 

SVDPseudoInverseWithLinearSolver#Apply SVD PseudoInverse On Original Matrix A
SVDPseudoInverseWithLinearSolver#Calculating U S V^T Using Matrix A
SVDPseudoInverseWithLinearSolver#Calculating U
0.0130661292201581 -0.03596917465437611 0.0662674292561161 -0.9970677622717882 
0.2090810300119239 0.6278765721644843 -0.746473493940289 -0.06952305992048935 
0.5006577493829734 -0.7263718445511462 -0.4708753579147582 0.0014692633495545552 
0.8399144106033255 0.2772384750445474 0.4654700290813704 0.031941553544418286 

SVDPseudoInverseWithLinearSolver#Calculating S
34.37322338395404 0.0 0.0 0.0 
0.0 9.085642211503208 0.0 0.0 
0.0 0.0 5.325630800137665 0.0 
0.0 0.0 0.0 0.7551664597763085 

SVDPseudoInverseWithLinearSolver#Calculating V
0.4491249784481018 -0.32680305155273376 0.3529158622923179 -0.7529521321918707 
0.3785879428052973 0.8418335111112768 0.3826287476489695 0.03978379827385282 
0.5267458102493443 -0.42171076905751015 0.33844281866321374 0.65586228519483 
0.6144076616394095 0.0817076026254896 -0.7839018395885744 -0.036400534084511015 

SVDPseudoInverseWithLinearSolver#Calculating V^T
0.4491249784481018 0.3785879428052973 0.5267458102493443 0.6144076616394095 
-0.32680305155273376 0.8418335111112768 -0.42171076905751015 0.0817076026254896 
0.3529158622923179 0.3826287476489695 0.33844281866321374 -0.7839018395885744 
-0.7529521321918707 0.03978379827385282 0.65586228519483 -0.036400534084511015 

SVDPseudoInverseWithLinearSolver#U S V^T
0.9999999999999966 -6.410470445071213E-16 1.70803542250024E-17 1.195624795750168E-16 
-0.05095541401273876 0.0031847133757962314 -0.09554140127388526 0.07006369426751585 
-0.8598726114649657 -0.13375796178343885 0.01273885350318471 0.05732484076433107 
0.03821656050955431 0.12261146496815271 0.07165605095541394 -0.05254777070063688 

SVDPseudoInverseWithLinearSolver#Singular Values
34.37322338395404 9.085642211503208 5.325630800137665 0.7551664597763085 

SVDPseudoInverseWithLinearSolver#Calculating Inverse Using LinearSolver Technique
1.0523696744362834 -1.994306013098819E-15 -2.5878189981294717E-15 -1.826905713285416E-15 
-0.05548696717781202 0.003346782632547884 -0.09596921002319712 0.07303004259307455 
-0.9009433588145435 -0.14358710145017067 0.013220658846618513 0.059858749423391956 
0.0401585566900853 0.12784854029094633 0.07194089351424635 -0.052903235196823245 

SVDPseudoInverseWithLinearSolver#End Time=Wed Nov 21 19:34:52 IST 2018
SVDPseudoInverseWithLinearSolver#Total Time To Calculate Inverse Using Linear Solver=18 miliseconds
Used memory is bytes: 1344944
